num,GL02,GL02-GL55,date,contra_acct,contra_acct_name,note,dbt_amount,cdt_amount,balance,dbt_tax_code,dbt_tax_rate,dbt_tax_desc,cdt_tax_code,cdt_tax_rate,cdt_tax_desc
,,,,,,,0,0,0,,,,,,
2,1,1,,,,,0,0,0,,,,,,
2,1,1,,,,,0,0,0,,,,,,
3,1,2,,,,,0,0,0,,,,,,
3,1,2,,,,,0,0,0,,,,,,
29,10,1,,,,,0,0,0,,,,,,
29,10,1,,,,,0,0,0,,,,,,
30,10,2,,,,,0,0,0,,,,,,
30,10,2,,,,,0,0,0,,,,,,
299,100,1,,,,,0,0,0,,,,,,
299,100,1,,,,,0,0,0,,,,,,
300,100,2,,,,,0,0,0,,,,,,
300,100,2,,,,,0,0,0,,,,,,
302,101,1,,,,,0,0,0,,,,,,
302,101,1,,,,,0,0,0,,,,,,
303,101,2,,,,,0,0,0,,,,,,
303,101,2,,,,,0,0,0,,,,,,
305,102,1,,,,,0,0,0,,,,,,
305,102,1,,,,,0,0,0,,,,,,
306,102,2,,,,,0,0,0,,,,,,
306,102,2,,,,,0,0,0,,,,,,
308,103,1,,,,,0,0,0,,,,,,
308,103,1,,,,,0,0,0,,,,,,
309,103,2,,,,,0,0,0,,,,,,
309,103,2,,,,,0,0,0,,,,,,
311,104,1,,,,,0,0,0,,,,,,
311,104,1,,,,,0,0,0,,,,,,
312,104,2,,,,,0,0,0,,,,,,
312,104,2,,,,,0,0,0,,,,,,
314,105,1,,,,,0,0,0,,,,,,
314,105,1,,,,,0,0,0,,,,,,
315,105,2,,,,,0,0,0,,,,,,
315,105,2,,,,,0,0,0,,,,,,
317,106,1,,,,,0,0,0,,,,,,
317,106,1,,,,,0,0,0,,,,,,
318,106,2,,,,,0,0,0,,,,,,
318,106,2,,,,,0,0,0,,,,,,
320,107,1,,,,,0,0,0,,,,,,
320,107,1,,,,,0,0,0,,,,,,
321,107,2,,,,,0,0,0,,,,,,
321,107,2,,,,,0,0,0,,,,,,
323,108,1,,,,,0,0,0,,,,,,
323,108,1,,,,,0,0,0,,,,,,
324,108,2,,,,,0,0,0,,,,,,
324,108,2,,,,,0,0,0,,,,,,
326,109,1,,,,,0,0,0,,,,,,
326,109,1,,,,,0,0,0,,,,,,
327,109,2,,,,,0,0,0,,,,,,
327,109,2,,,,,0,0,0,,,,,,
32,11,1,,,,,0,0,0,,,,,,
32,11,1,,,,,0,0,0,,,,,,
33,11,2,,,,,0,0,0,,,,,,
33,11,2,,,,,0,0,0,,,,,,
329,110,1,,,,,0,0,0,,,,,,
329,110,1,,,,,0,0,0,,,,,,
330,110,2,,,,,0,0,0,,,,,,
330,110,2,,,,,0,0,0,,,,,,
332,111,1,,,,,0,0,0,,,,,,
332,111,1,,,,,0,0,0,,,,,,
333,111,2,,,,,0,0,0,,,,,,
333,111,2,,,,,0,0,0,,,,,,
335,112,1,,,,,0,0,0,,,,,,
335,112,1,,,,,0,0,0,,,,,,
336,112,2,,,,,0,0,0,,,,,,
336,112,2,,,,,0,0,0,,,,,,
338,113,1,,,,,0,0,0,,,,,,
338,113,1,,,,,0,0,0,,,,,,
339,113,2,,,,,0,0,0,,,,,,
339,113,2,,,,,0,0,0,,,,,,
341,114,1,,,,,0,0,0,,,,,,
341,114,1,,,,,0,0,0,,,,,,
342,114,2,,,,,0,0,0,,,,,,
342,114,2,,,,,0,0,0,,,,,,
344,115,1,,,,,0,0,0,,,,,,
344,115,1,,,,,0,0,0,,,,,,
345,115,2,,,,,0,0,0,,,,,,
345,115,2,,,,,0,0,0,,,,,,
347,116,1,,,,,0,0,0,,,,,,
347,116,1,,,,,0,0,0,,,,,,
348,116,2,,,,,0,0,0,,,,,,
348,116,2,,,,,0,0,0,,,,,,
350,117,1,,,,,0,0,0,,,,,,
350,117,1,,,,,0,0,0,,,,,,
351,117,2,,,,,0,0,0,,,,,,
351,117,2,,,,,0,0,0,,,,,,
353,118,1,,,,,0,0,0,,,,,,
353,118,1,,,,,0,0,0,,,,,,
354,118,2,,,,,0,0,0,,,,,,
354,118,2,,,,,0,0,0,,,,,,
356,119,1,,,,,0,0,0,,,,,,
356,119,1,,,,,0,0,0,,,,,,
357,119,2,,,,,0,0,0,,,,,,
357,119,2,,,,,0,0,0,,,,,,
35,12,1,,,,,0,0,0,,,,,,
35,12,1,,,,,0,0,0,,,,,,
36,12,2,,,,,0,0,0,,,,,,
36,12,2,,,,,0,0,0,,,,,,
359,120,1,,,,,0,0,0,,,,,,
359,120,1,,,,,0,0,0,,,,,,
360,120,2,,,,,0,0,0,,,,,,
360,120,2,,,,,0,0,0,,,,,,
362,121,1,,,,,0,0,0,,,,,,
362,121,1,,,,,0,0,0,,,,,,
363,121,2,,,,,0,0,0,,,,,,
363,121,2,,,,,0,0,0,,,,,,
365,122,1,,,,,0,0,0,,,,,,
365,122,1,,,,,0,0,0,,,,,,
366,122,2,,,,,0,0,0,,,,,,
366,122,2,,,,,0,0,0,,,,,,
368,123,1,,,,,0,0,0,,,,,,
368,123,1,,,,,0,0,0,,,,,,
369,123,2,,,,,0,0,0,,,,,,
369,123,2,,,,,0,0,0,,,,,,
371,124,1,,,,,0,0,0,,,,,,
371,124,1,,,,,0,0,0,,,,,,
372,124,2,,,,,0,0,0,,,,,,
372,124,2,,,,,0,0,0,,,,,,
374,125,1,,,,,0,0,0,,,,,,
374,125,1,,,,,0,0,0,,,,,,
375,125,2,,,,,0,0,0,,,,,,
375,125,2,,,,,0,0,0,,,,,,
377,126,1,,,,,0,0,0,,,,,,
377,126,1,,,,,0,0,0,,,,,,
378,126,2,,,,,0,0,0,,,,,,
378,126,2,,,,,0,0,0,,,,,,
380,127,1,,,,,0,0,0,,,,,,
380,127,1,,,,,0,0,0,,,,,,
381,127,2,,,,,0,0,0,,,,,,
381,127,2,,,,,0,0,0,,,,,,
383,128,1,,,,,0,0,0,,,,,,
383,128,1,,,,,0,0,0,,,,,,
384,128,2,,,,,0,0,0,,,,,,
384,128,2,,,,,0,0,0,,,,,,
386,129,1,,,,,0,0,0,,,,,,
386,129,1,,,,,0,0,0,,,,,,
387,129,2,,,,,0,0,0,,,,,,
387,129,2,,,,,0,0,0,,,,,,
38,13,1,,,,,0,0,0,,,,,,
38,13,1,,,,,0,0,0,,,,,,
39,13,2,,,,,0,0,0,,,,,,
39,13,2,,,,,0,0,0,,,,,,
389,130,1,,,,,0,0,0,,,,,,
389,130,1,,,,,0,0,0,,,,,,
390,130,2,,,,,0,0,0,,,,,,
390,130,2,,,,,0,0,0,,,,,,
392,131,1,,,,,0,0,0,,,,,,
392,131,1,,,,,0,0,0,,,,,,
393,131,2,,,,,0,0,0,,,,,,
393,131,2,,,,,0,0,0,,,,,,
395,132,1,,,,,0,0,0,,,,,,
395,132,1,,,,,0,0,0,,,,,,
396,132,2,,,,,0,0,0,,,,,,
396,132,2,,,,,0,0,0,,,,,,
398,133,1,,,,,0,0,0,,,,,,
398,133,1,,,,,0,0,0,,,,,,
399,133,2,,,,,0,0,0,,,,,,
399,133,2,,,,,0,0,0,,,,,,
401,134,1,,,,,0,0,0,,,,,,
401,134,1,,,,,0,0,0,,,,,,
402,134,2,,,,,0,0,0,,,,,,
402,134,2,,,,,0,0,0,,,,,,
404,135,1,,,,,0,0,0,,,,,,
404,135,1,,,,,0,0,0,,,,,,
405,135,2,,,,,0,0,0,,,,,,
405,135,2,,,,,0,0,0,,,,,,
407,136,1,,,,,0,0,0,,,,,,
407,136,1,,,,,0,0,0,,,,,,
408,136,2,,,,,0,0,0,,,,,,
408,136,2,,,,,0,0,0,,,,,,
410,137,1,,,,,0,0,0,,,,,,
410,137,1,,,,,0,0,0,,,,,,
411,137,2,,,,,0,0,0,,,,,,
411,137,2,,,,,0,0,0,,,,,,
413,138,1,,,,,0,0,0,,,,,,
413,138,1,,,,,0,0,0,,,,,,
414,138,2,,,,,0,0,0,,,,,,
414,138,2,,,,,0,0,0,,,,,,
416,139,1,,,,,0,0,0,,,,,,
416,139,1,,,,,0,0,0,,,,,,
417,139,2,,,,,0,0,0,,,,,,
417,139,2,,,,,0,0,0,,,,,,
41,14,1,,,,,0,0,0,,,,,,
41,14,1,,,,,0,0,0,,,,,,
42,14,2,,,,,0,0,0,,,,,,
42,14,2,,,,,0,0,0,,,,,,
419,140,1,,,,,0,0,0,,,,,,
419,140,1,,,,,0,0,0,,,,,,
420,140,2,,,,,0,0,0,,,,,,
420,140,2,,,,,0,0,0,,,,,,
422,141,1,,,,,0,0,0,,,,,,
422,141,1,,,,,0,0,0,,,,,,
423,141,2,,,,,0,0,0,,,,,,
423,141,2,,,,,0,0,0,,,,,,
425,142,1,,,,,0,0,0,,,,,,
425,142,1,,,,,0,0,0,,,,,,
426,142,2,,,,,0,0,0,,,,,,
426,142,2,,,,,0,0,0,,,,,,
428,143,1,,,,,0,0,0,,,,,,
428,143,1,,,,,0,0,0,,,,,,
429,143,2,,,,,0,0,0,,,,,,
429,143,2,,,,,0,0,0,,,,,,
431,144,1,,,,,0,0,0,,,,,,
431,144,1,,,,,0,0,0,,,,,,
432,144,2,,,,,0,0,0,,,,,,
432,144,2,,,,,0,0,0,,,,,,
434,145,1,,,,,0,0,0,,,,,,
434,145,1,,,,,0,0,0,,,,,,
435,145,2,,,,,0,0,0,,,,,,
435,145,2,,,,,0,0,0,,,,,,
437,146,1,,,,,0,0,0,,,,,,
437,146,1,,,,,0,0,0,,,,,,
438,146,2,,,,,0,0,0,,,,,,
438,146,2,,,,,0,0,0,,,,,,
440,147,1,,,,,0,0,0,,,,,,
440,147,1,,,,,0,0,0,,,,,,
441,147,2,,,,,0,0,0,,,,,,
441,147,2,,,,,0,0,0,,,,,,
443,148,1,,,,,0,0,0,,,,,,
443,148,1,,,,,0,0,0,,,,,,
444,148,2,,,,,0,0,0,,,,,,
444,148,2,,,,,0,0,0,,,,,,
446,149,1,,,,,0,0,0,,,,,,
446,149,1,,,,,0,0,0,,,,,,
447,149,2,,,,,0,0,0,,,,,,
447,149,2,,,,,0,0,0,,,,,,
44,15,1,,,,,0,0,0,,,,,,
44,15,1,,,,,0,0,0,,,,,,
45,15,2,,,,,0,0,0,,,,,,
45,15,2,,,,,0,0,0,,,,,,
449,150,1,,,,,0,0,0,,,,,,
449,150,1,,,,,0,0,0,,,,,,
450,150,2,,,,,0,0,0,,,,,,
450,150,2,,,,,0,0,0,,,,,,
452,151,1,,,,,0,0,0,,,,,,
452,151,1,,,,,0,0,0,,,,,,
453,151,2,,,,,0,0,0,,,,,,
453,151,2,,,,,0,0,0,,,,,,
455,152,1,,,,,0,0,0,,,,,,
455,152,1,,,,,0,0,0,,,,,,
456,152,2,,,,,0,0,0,,,,,,
456,152,2,,,,,0,0,0,,,,,,
458,153,1,,,,,0,0,0,,,,,,
458,153,1,,,,,0,0,0,,,,,,
459,153,2,,,,,0,0,0,,,,,,
459,153,2,,,,,0,0,0,,,,,,
461,154,1,,,,,0,0,0,,,,,,
461,154,1,,,,,0,0,0,,,,,,
462,154,2,,,,,0,0,0,,,,,,
462,154,2,,,,,0,0,0,,,,,,
464,155,1,,,,,0,0,0,,,,,,
464,155,1,,,,,0,0,0,,,,,,
465,155,2,,,,,0,0,0,,,,,,
465,155,2,,,,,0,0,0,,,,,,
467,156,1,,,,,0,0,0,,,,,,
467,156,1,,,,,0,0,0,,,,,,
468,156,2,,,,,0,0,0,,,,,,
468,156,2,,,,,0,0,0,,,,,,
470,157,1,,,,,0,0,0,,,,,,
470,157,1,,,,,0,0,0,,,,,,
471,157,2,,,,,0,0,0,,,,,,
471,157,2,,,,,0,0,0,,,,,,
473,158,1,,,,,0,0,0,,,,,,
473,158,1,,,,,0,0,0,,,,,,
474,158,2,,,,,0,0,0,,,,,,
474,158,2,,,,,0,0,0,,,,,,
476,159,1,,,,,0,0,0,,,,,,
476,159,1,,,,,0,0,0,,,,,,
477,159,2,,,,,0,0,0,,,,,,
477,159,2,,,,,0,0,0,,,,,,
47,16,1,,,,,0,0,0,,,,,,
47,16,1,,,,,0,0,0,,,,,,
48,16,2,,,,,0,0,0,,,,,,
48,16,2,,,,,0,0,0,,,,,,
479,160,1,,,,,0,0,0,,,,,,
479,160,1,,,,,0,0,0,,,,,,
480,160,2,,,,,0,0,0,,,,,,
480,160,2,,,,,0,0,0,,,,,,
482,161,1,,,,,0,0,0,,,,,,
482,161,1,,,,,0,0,0,,,,,,
483,161,2,,,,,0,0,0,,,,,,
483,161,2,,,,,0,0,0,,,,,,
485,162,1,,,,,0,0,0,,,,,,
485,162,1,,,,,0,0,0,,,,,,
486,162,2,,,,,0,0,0,,,,,,
486,162,2,,,,,0,0,0,,,,,,
488,163,1,,,,,0,0,0,,,,,,
488,163,1,,,,,0,0,0,,,,,,
489,163,2,,,,,0,0,0,,,,,,
489,163,2,,,,,0,0,0,,,,,,
491,164,1,,,,,0,0,0,,,,,,
491,164,1,,,,,0,0,0,,,,,,
492,164,2,,,,,0,0,0,,,,,,
492,164,2,,,,,0,0,0,,,,,,
494,165,1,,,,,0,0,0,,,,,,
494,165,1,,,,,0,0,0,,,,,,
495,165,2,,,,,0,0,0,,,,,,
495,165,2,,,,,0,0,0,,,,,,
497,166,1,,,,,0,0,0,,,,,,
497,166,1,,,,,0,0,0,,,,,,
498,166,2,,,,,0,0,0,,,,,,
498,166,2,,,,,0,0,0,,,,,,
500,167,1,,,,,0,0,0,,,,,,
500,167,1,,,,,0,0,0,,,,,,
501,167,2,,,,,0,0,0,,,,,,
501,167,2,,,,,0,0,0,,,,,,
503,168,1,,,,,0,0,0,,,,,,
503,168,1,,,,,0,0,0,,,,,,
504,168,2,,,,,0,0,0,,,,,,
504,168,2,,,,,0,0,0,,,,,,
506,169,1,,,,,0,0,0,,,,,,
506,169,1,,,,,0,0,0,,,,,,
507,169,2,,,,,0,0,0,,,,,,
507,169,2,,,,,0,0,0,,,,,,
50,17,1,,,,,0,0,0,,,,,,
50,17,1,,,,,0,0,0,,,,,,
51,17,2,,,,,0,0,0,,,,,,
51,17,2,,,,,0,0,0,,,,,,
509,170,1,,,,,0,0,0,,,,,,
509,170,1,,,,,0,0,0,,,,,,
510,170,2,,,,,0,0,0,,,,,,
510,170,2,,,,,0,0,0,,,,,,
512,171,1,,,,,0,0,0,,,,,,
512,171,1,,,,,0,0,0,,,,,,
513,171,2,,,,,0,0,0,,,,,,
513,171,2,,,,,0,0,0,,,,,,
515,172,1,,,,,0,0,0,,,,,,
515,172,1,,,,,0,0,0,,,,,,
516,172,2,,,,,0,0,0,,,,,,
516,172,2,,,,,0,0,0,,,,,,
518,173,1,,,,,0,0,0,,,,,,
518,173,1,,,,,0,0,0,,,,,,
519,173,2,,,,,0,0,0,,,,,,
519,173,2,,,,,0,0,0,,,,,,
521,174,1,,,,,0,0,0,,,,,,
521,174,1,,,,,0,0,0,,,,,,
522,174,2,,,,,0,0,0,,,,,,
522,174,2,,,,,0,0,0,,,,,,
524,175,1,,,,,0,0,0,,,,,,
524,175,1,,,,,0,0,0,,,,,,
525,175,2,,,,,0,0,0,,,,,,
525,175,2,,,,,0,0,0,,,,,,
527,176,1,,,,,0,0,0,,,,,,
527,176,1,,,,,0,0,0,,,,,,
528,176,2,,,,,0,0,0,,,,,,
528,176,2,,,,,0,0,0,,,,,,
530,177,1,,,,,0,0,0,,,,,,
530,177,1,,,,,0,0,0,,,,,,
531,177,2,,,,,0,0,0,,,,,,
531,177,2,,,,,0,0,0,,,,,,
533,178,1,,,,,0,0,0,,,,,,
533,178,1,,,,,0,0,0,,,,,,
534,178,2,,,,,0,0,0,,,,,,
534,178,2,,,,,0,0,0,,,,,,
536,179,1,,,,,0,0,0,,,,,,
536,179,1,,,,,0,0,0,,,,,,
537,179,2,,,,,0,0,0,,,,,,
537,179,2,,,,,0,0,0,,,,,,
53,18,1,,,,,0,0,0,,,,,,
53,18,1,,,,,0,0,0,,,,,,
54,18,2,,,,,0,0,0,,,,,,
54,18,2,,,,,0,0,0,,,,,,
539,180,1,,,,,0,0,0,,,,,,
539,180,1,,,,,0,0,0,,,,,,
540,180,2,,,,,0,0,0,,,,,,
540,180,2,,,,,0,0,0,,,,,,
542,181,1,,,,,0,0,0,,,,,,
542,181,1,,,,,0,0,0,,,,,,
543,181,2,,,,,0,0,0,,,,,,
543,181,2,,,,,0,0,0,,,,,,
545,182,1,,,,,0,0,0,,,,,,
545,182,1,,,,,0,0,0,,,,,,
546,182,2,,,,,0,0,0,,,,,,
546,182,2,,,,,0,0,0,,,,,,
548,183,1,,,,,0,0,0,,,,,,
548,183,1,,,,,0,0,0,,,,,,
549,183,2,,,,,0,0,0,,,,,,
549,183,2,,,,,0,0,0,,,,,,
551,184,1,,,,,0,0,0,,,,,,
551,184,1,,,,,0,0,0,,,,,,
552,184,2,,,,,0,0,0,,,,,,
552,184,2,,,,,0,0,0,,,,,,
554,185,1,,,,,0,0,0,,,,,,
554,185,1,,,,,0,0,0,,,,,,
555,185,2,,,,,0,0,0,,,,,,
555,185,2,,,,,0,0,0,,,,,,
557,186,1,,,,,0,0,0,,,,,,
557,186,1,,,,,0,0,0,,,,,,
558,186,2,,,,,0,0,0,,,,,,
558,186,2,,,,,0,0,0,,,,,,
560,187,1,,,,,0,0,0,,,,,,
560,187,1,,,,,0,0,0,,,,,,
561,187,2,,,,,0,0,0,,,,,,
561,187,2,,,,,0,0,0,,,,,,
563,188,1,,,,,0,0,0,,,,,,
563,188,1,,,,,0,0,0,,,,,,
564,188,2,,,,,0,0,0,,,,,,
564,188,2,,,,,0,0,0,,,,,,
566,189,1,,,,,0,0,0,,,,,,
566,189,1,,,,,0,0,0,,,,,,
567,189,2,,,,,0,0,0,,,,,,
567,189,2,,,,,0,0,0,,,,,,
56,19,1,,,,,0,0,0,,,,,,
56,19,1,,,,,0,0,0,,,,,,
57,19,2,,,,,0,0,0,,,,,,
57,19,2,,,,,0,0,0,,,,,,
569,190,1,,,,,0,0,0,,,,,,
569,190,1,,,,,0,0,0,,,,,,
570,190,2,,,,,0,0,0,,,,,,
570,190,2,,,,,0,0,0,,,,,,
572,191,1,,,,,0,0,0,,,,,,
572,191,1,,,,,0,0,0,,,,,,
573,191,2,,,,,0,0,0,,,,,,
573,191,2,,,,,0,0,0,,,,,,
575,192,1,,,,,0,0,0,,,,,,
575,192,1,,,,,0,0,0,,,,,,
576,192,2,,,,,0,0,0,,,,,,
576,192,2,,,,,0,0,0,,,,,,
578,193,1,,,,,0,0,0,,,,,,
578,193,1,,,,,0,0,0,,,,,,
579,193,2,,,,,0,0,0,,,,,,
579,193,2,,,,,0,0,0,,,,,,
581,194,1,,,,,0,0,0,,,,,,
581,194,1,,,,,0,0,0,,,,,,
582,194,2,,,,,0,0,0,,,,,,
582,194,2,,,,,0,0,0,,,,,,
584,195,1,,,,,0,0,0,,,,,,
584,195,1,,,,,0,0,0,,,,,,
585,195,2,,,,,0,0,0,,,,,,
585,195,2,,,,,0,0,0,,,,,,
587,196,1,,,,,0,0,0,,,,,,
587,196,1,,,,,0,0,0,,,,,,
588,196,2,,,,,0,0,0,,,,,,
588,196,2,,,,,0,0,0,,,,,,
590,197,1,,,,,0,0,0,,,,,,
590,197,1,,,,,0,0,0,,,,,,
591,197,2,,,,,0,0,0,,,,,,
591,197,2,,,,,0,0,0,,,,,,
593,198,1,,,,,0,0,0,,,,,,
593,198,1,,,,,0,0,0,,,,,,
594,198,2,,,,,0,0,0,,,,,,
594,198,2,,,,,0,0,0,,,,,,
596,199,1,,,,,0,0,0,,,,,,
596,199,1,,,,,0,0,0,,,,,,
597,199,2,,,,,0,0,0,,,,,,
597,199,2,,,,,0,0,0,,,,,,
5,2,1,,,,,0,0,0,,,,,,
5,2,1,,,,,0,0,0,,,,,,
6,2,2,,,,,0,0,0,,,,,,
6,2,2,,,,,0,0,0,,,,,,
59,20,1,,,,,0,0,0,,,,,,
59,20,1,,,,,0,0,0,,,,,,
60,20,2,,,,,0,0,0,,,,,,
60,20,2,,,,,0,0,0,,,,,,
599,200,1,,,,,0,0,0,,,,,,
599,200,1,,,,,0,0,0,,,,,,
600,200,2,,,,,0,0,0,,,,,,
600,200,2,,,,,0,0,0,,,,,,
62,21,1,,,,,0,0,0,,,,,,
62,21,1,,,,,0,0,0,,,,,,
63,21,2,,,,,0,0,0,,,,,,
63,21,2,,,,,0,0,0,,,,,,
65,22,1,,,,,0,0,0,,,,,,
65,22,1,,,,,0,0,0,,,,,,
66,22,2,,,,,0,0,0,,,,,,
66,22,2,,,,,0,0,0,,,,,,
68,23,1,,,,,0,0,0,,,,,,
68,23,1,,,,,0,0,0,,,,,,
69,23,2,,,,,0,0,0,,,,,,
69,23,2,,,,,0,0,0,,,,,,
71,24,1,,,,,0,0,0,,,,,,
71,24,1,,,,,0,0,0,,,,,,
72,24,2,,,,,0,0,0,,,,,,
72,24,2,,,,,0,0,0,,,,,,
74,25,1,,,,,0,0,0,,,,,,
74,25,1,,,,,0,0,0,,,,,,
75,25,2,,,,,0,0,0,,,,,,
75,25,2,,,,,0,0,0,,,,,,
77,26,1,,,,,0,0,0,,,,,,
77,26,1,,,,,0,0,0,,,,,,
78,26,2,,,,,0,0,0,,,,,,
78,26,2,,,,,0,0,0,,,,,,
80,27,1,,,,,0,0,0,,,,,,
80,27,1,,,,,0,0,0,,,,,,
81,27,2,,,,,0,0,0,,,,,,
81,27,2,,,,,0,0,0,,,,,,
83,28,1,,,,,0,0,0,,,,,,
83,28,1,,,,,0,0,0,,,,,,
84,28,2,,,,,0,0,0,,,,,,
84,28,2,,,,,0,0,0,,,,,,
86,29,1,,,,,0,0,0,,,,,,
86,29,1,,,,,0,0,0,,,,,,
87,29,2,,,,,0,0,0,,,,,,
87,29,2,,,,,0,0,0,,,,,,
8,3,1,,,,,0,0,0,,,,,,
8,3,1,,,,,0,0,0,,,,,,
9,3,2,,,,,0,0,0,,,,,,
9,3,2,,,,,0,0,0,,,,,,
89,30,1,,,,,0,0,0,,,,,,
89,30,1,,,,,0,0,0,,,,,,
90,30,2,,,,,0,0,0,,,,,,
90,30,2,,,,,0,0,0,,,,,,
92,31,1,,,,,0,0,0,,,,,,
92,31,1,,,,,0,0,0,,,,,,
93,31,2,,,,,0,0,0,,,,,,
93,31,2,,,,,0,0,0,,,,,,
95,32,1,,,,,0,0,0,,,,,,
95,32,1,,,,,0,0,0,,,,,,
96,32,2,,,,,0,0,0,,,,,,
96,32,2,,,,,0,0,0,,,,,,
98,33,1,,,,,0,0,0,,,,,,
98,33,1,,,,,0,0,0,,,,,,
99,33,2,,,,,0,0,0,,,,,,
99,33,2,,,,,0,0,0,,,,,,
101,34,1,,,,,0,0,0,,,,,,
101,34,1,,,,,0,0,0,,,,,,
102,34,2,,,,,0,0,0,,,,,,
102,34,2,,,,,0,0,0,,,,,,
104,35,1,,,,,0,0,0,,,,,,
104,35,1,,,,,0,0,0,,,,,,
105,35,2,,,,,0,0,0,,,,,,
105,35,2,,,,,0,0,0,,,,,,
107,36,1,,,,,0,0,0,,,,,,
107,36,1,,,,,0,0,0,,,,,,
108,36,2,,,,,0,0,0,,,,,,
108,36,2,,,,,0,0,0,,,,,,
110,37,1,,,,,0,0,0,,,,,,
110,37,1,,,,,0,0,0,,,,,,
111,37,2,,,,,0,0,0,,,,,,
111,37,2,,,,,0,0,0,,,,,,
113,38,1,,,,,0,0,0,,,,,,
113,38,1,,,,,0,0,0,,,,,,
114,38,2,,,,,0,0,0,,,,,,
114,38,2,,,,,0,0,0,,,,,,
116,39,1,,,,,0,0,0,,,,,,
116,39,1,,,,,0,0,0,,,,,,
117,39,2,,,,,0,0,0,,,,,,
117,39,2,,,,,0,0,0,,,,,,
11,4,1,,,,,0,0,0,,,,,,
11,4,1,,,,,0,0,0,,,,,,
12,4,2,,,,,0,0,0,,,,,,
12,4,2,,,,,0,0,0,,,,,,
119,40,1,,,,,0,0,0,,,,,,
119,40,1,,,,,0,0,0,,,,,,
120,40,2,,,,,0,0,0,,,,,,
120,40,2,,,,,0,0,0,,,,,,
122,41,1,,,,,0,0,0,,,,,,
122,41,1,,,,,0,0,0,,,,,,
123,41,2,,,,,0,0,0,,,,,,
123,41,2,,,,,0,0,0,,,,,,
125,42,1,,,,,0,0,0,,,,,,
125,42,1,,,,,0,0,0,,,,,,
126,42,2,,,,,0,0,0,,,,,,
126,42,2,,,,,0,0,0,,,,,,
128,43,1,,,,,0,0,0,,,,,,
128,43,1,,,,,0,0,0,,,,,,
129,43,2,,,,,0,0,0,,,,,,
129,43,2,,,,,0,0,0,,,,,,
131,44,1,,,,,0,0,0,,,,,,
131,44,1,,,,,0,0,0,,,,,,
132,44,2,,,,,0,0,0,,,,,,
132,44,2,,,,,0,0,0,,,,,,
134,45,1,,,,,0,0,0,,,,,,
134,45,1,,,,,0,0,0,,,,,,
135,45,2,,,,,0,0,0,,,,,,
135,45,2,,,,,0,0,0,,,,,,
137,46,1,,,,,0,0,0,,,,,,
137,46,1,,,,,0,0,0,,,,,,
138,46,2,,,,,0,0,0,,,,,,
138,46,2,,,,,0,0,0,,,,,,
140,47,1,,,,,0,0,0,,,,,,
140,47,1,,,,,0,0,0,,,,,,
141,47,2,,,,,0,0,0,,,,,,
141,47,2,,,,,0,0,0,,,,,,
143,48,1,,,,,0,0,0,,,,,,
143,48,1,,,,,0,0,0,,,,,,
144,48,2,,,,,0,0,0,,,,,,
144,48,2,,,,,0,0,0,,,,,,
146,49,1,,,,,0,0,0,,,,,,
146,49,1,,,,,0,0,0,,,,,,
147,49,2,,,,,0,0,0,,,,,,
147,49,2,,,,,0,0,0,,,,,,
14,5,1,,,,,0,0,0,,,,,,
14,5,1,,,,,0,0,0,,,,,,
15,5,2,,,,,0,0,0,,,,,,
15,5,2,,,,,0,0,0,,,,,,
149,50,1,,,,,0,0,0,,,,,,
149,50,1,,,,,0,0,0,,,,,,
150,50,2,,,,,0,0,0,,,,,,
150,50,2,,,,,0,0,0,,,,,,
152,51,1,,,,,0,0,0,,,,,,
152,51,1,,,,,0,0,0,,,,,,
153,51,2,,,,,0,0,0,,,,,,
153,51,2,,,,,0,0,0,,,,,,
155,52,1,,,,,0,0,0,,,,,,
155,52,1,,,,,0,0,0,,,,,,
156,52,2,,,,,0,0,0,,,,,,
156,52,2,,,,,0,0,0,,,,,,
158,53,1,,,,,0,0,0,,,,,,
158,53,1,,,,,0,0,0,,,,,,
159,53,2,,,,,0,0,0,,,,,,
159,53,2,,,,,0,0,0,,,,,,
161,54,1,,,,,0,0,0,,,,,,
161,54,1,,,,,0,0,0,,,,,,
162,54,2,,,,,0,0,0,,,,,,
162,54,2,,,,,0,0,0,,,,,,
164,55,1,,,,,0,0,0,,,,,,
164,55,1,,,,,0,0,0,,,,,,
165,55,2,,,,,0,0,0,,,,,,
165,55,2,,,,,0,0,0,,,,,,
167,56,1,,,,,0,0,0,,,,,,
167,56,1,,,,,0,0,0,,,,,,
168,56,2,,,,,0,0,0,,,,,,
168,56,2,,,,,0,0,0,,,,,,
170,57,1,,,,,0,0,0,,,,,,
170,57,1,,,,,0,0,0,,,,,,
171,57,2,,,,,0,0,0,,,,,,
171,57,2,,,,,0,0,0,,,,,,
173,58,1,,,,,0,0,0,,,,,,
173,58,1,,,,,0,0,0,,,,,,
174,58,2,,,,,0,0,0,,,,,,
174,58,2,,,,,0,0,0,,,,,,
176,59,1,,,,,0,0,0,,,,,,
176,59,1,,,,,0,0,0,,,,,,
177,59,2,,,,,0,0,0,,,,,,
177,59,2,,,,,0,0,0,,,,,,
17,6,1,,,,,0,0,0,,,,,,
17,6,1,,,,,0,0,0,,,,,,
18,6,2,,,,,0,0,0,,,,,,
18,6,2,,,,,0,0,0,,,,,,
179,60,1,,,,,0,0,0,,,,,,
179,60,1,,,,,0,0,0,,,,,,
180,60,2,,,,,0,0,0,,,,,,
180,60,2,,,,,0,0,0,,,,,,
182,61,1,,,,,0,0,0,,,,,,
182,61,1,,,,,0,0,0,,,,,,
183,61,2,,,,,0,0,0,,,,,,
183,61,2,,,,,0,0,0,,,,,,
185,62,1,,,,,0,0,0,,,,,,
185,62,1,,,,,0,0,0,,,,,,
186,62,2,,,,,0,0,0,,,,,,
186,62,2,,,,,0,0,0,,,,,,
188,63,1,,,,,0,0,0,,,,,,
188,63,1,,,,,0,0,0,,,,,,
189,63,2,,,,,0,0,0,,,,,,
189,63,2,,,,,0,0,0,,,,,,
191,64,1,,,,,0,0,0,,,,,,
191,64,1,,,,,0,0,0,,,,,,
192,64,2,,,,,0,0,0,,,,,,
192,64,2,,,,,0,0,0,,,,,,
194,65,1,,,,,0,0,0,,,,,,
194,65,1,,,,,0,0,0,,,,,,
195,65,2,,,,,0,0,0,,,,,,
195,65,2,,,,,0,0,0,,,,,,
197,66,1,,,,,0,0,0,,,,,,
197,66,1,,,,,0,0,0,,,,,,
198,66,2,,,,,0,0,0,,,,,,
198,66,2,,,,,0,0,0,,,,,,
200,67,1,,,,,0,0,0,,,,,,
200,67,1,,,,,0,0,0,,,,,,
201,67,2,,,,,0,0,0,,,,,,
201,67,2,,,,,0,0,0,,,,,,
203,68,1,,,,,0,0,0,,,,,,
203,68,1,,,,,0,0,0,,,,,,
204,68,2,,,,,0,0,0,,,,,,
204,68,2,,,,,0,0,0,,,,,,
206,69,1,,,,,0,0,0,,,,,,
206,69,1,,,,,0,0,0,,,,,,
207,69,2,,,,,0,0,0,,,,,,
207,69,2,,,,,0,0,0,,,,,,
20,7,1,,,,,0,0,0,,,,,,
20,7,1,,,,,0,0,0,,,,,,
21,7,2,,,,,0,0,0,,,,,,
21,7,2,,,,,0,0,0,,,,,,
209,70,1,,,,,0,0,0,,,,,,
209,70,1,,,,,0,0,0,,,,,,
210,70,2,,,,,0,0,0,,,,,,
210,70,2,,,,,0,0,0,,,,,,
212,71,1,,,,,0,0,0,,,,,,
212,71,1,,,,,0,0,0,,,,,,
213,71,2,,,,,0,0,0,,,,,,
213,71,2,,,,,0,0,0,,,,,,
215,72,1,,,,,0,0,0,,,,,,
215,72,1,,,,,0,0,0,,,,,,
216,72,2,,,,,0,0,0,,,,,,
216,72,2,,,,,0,0,0,,,,,,
218,73,1,,,,,0,0,0,,,,,,
218,73,1,,,,,0,0,0,,,,,,
219,73,2,,,,,0,0,0,,,,,,
219,73,2,,,,,0,0,0,,,,,,
221,74,1,,,,,0,0,0,,,,,,
221,74,1,,,,,0,0,0,,,,,,
222,74,2,,,,,0,0,0,,,,,,
222,74,2,,,,,0,0,0,,,,,,
224,75,1,,,,,0,0,0,,,,,,
224,75,1,,,,,0,0,0,,,,,,
225,75,2,,,,,0,0,0,,,,,,
225,75,2,,,,,0,0,0,,,,,,
227,76,1,,,,,0,0,0,,,,,,
227,76,1,,,,,0,0,0,,,,,,
228,76,2,,,,,0,0,0,,,,,,
228,76,2,,,,,0,0,0,,,,,,
230,77,1,,,,,0,0,0,,,,,,
230,77,1,,,,,0,0,0,,,,,,
231,77,2,,,,,0,0,0,,,,,,
231,77,2,,,,,0,0,0,,,,,,
233,78,1,,,,,0,0,0,,,,,,
233,78,1,,,,,0,0,0,,,,,,
234,78,2,,,,,0,0,0,,,,,,
234,78,2,,,,,0,0,0,,,,,,
236,79,1,,,,,0,0,0,,,,,,
236,79,1,,,,,0,0,0,,,,,,
237,79,2,,,,,0,0,0,,,,,,
237,79,2,,,,,0,0,0,,,,,,
23,8,1,,,,,0,0,0,,,,,,
23,8,1,,,,,0,0,0,,,,,,
24,8,2,,,,,0,0,0,,,,,,
24,8,2,,,,,0,0,0,,,,,,
239,80,1,,,,,0,0,0,,,,,,
239,80,1,,,,,0,0,0,,,,,,
240,80,2,,,,,0,0,0,,,,,,
240,80,2,,,,,0,0,0,,,,,,
242,81,1,,,,,0,0,0,,,,,,
242,81,1,,,,,0,0,0,,,,,,
243,81,2,,,,,0,0,0,,,,,,
243,81,2,,,,,0,0,0,,,,,,
245,82,1,,,,,0,0,0,,,,,,
245,82,1,,,,,0,0,0,,,,,,
246,82,2,,,,,0,0,0,,,,,,
246,82,2,,,,,0,0,0,,,,,,
248,83,1,,,,,0,0,0,,,,,,
248,83,1,,,,,0,0,0,,,,,,
249,83,2,,,,,0,0,0,,,,,,
249,83,2,,,,,0,0,0,,,,,,
251,84,1,,,,,0,0,0,,,,,,
251,84,1,,,,,0,0,0,,,,,,
252,84,2,,,,,0,0,0,,,,,,
252,84,2,,,,,0,0,0,,,,,,
254,85,1,,,,,0,0,0,,,,,,
254,85,1,,,,,0,0,0,,,,,,
255,85,2,,,,,0,0,0,,,,,,
255,85,2,,,,,0,0,0,,,,,,
257,86,1,,,,,0,0,0,,,,,,
257,86,1,,,,,0,0,0,,,,,,
258,86,2,,,,,0,0,0,,,,,,
258,86,2,,,,,0,0,0,,,,,,
260,87,1,,,,,0,0,0,,,,,,
260,87,1,,,,,0,0,0,,,,,,
261,87,2,,,,,0,0,0,,,,,,
261,87,2,,,,,0,0,0,,,,,,
263,88,1,,,,,0,0,0,,,,,,
263,88,1,,,,,0,0,0,,,,,,
264,88,2,,,,,0,0,0,,,,,,
264,88,2,,,,,0,0,0,,,,,,
266,89,1,,,,,0,0,0,,,,,,
266,89,1,,,,,0,0,0,,,,,,
267,89,2,,,,,0,0,0,,,,,,
267,89,2,,,,,0,0,0,,,,,,
26,9,1,,,,,0,0,0,,,,,,
26,9,1,,,,,0,0,0,,,,,,
27,9,2,,,,,0,0,0,,,,,,
27,9,2,,,,,0,0,0,,,,,,
269,90,1,,,,,0,0,0,,,,,,
269,90,1,,,,,0,0,0,,,,,,
270,90,2,,,,,0,0,0,,,,,,
270,90,2,,,,,0,0,0,,,,,,
272,91,1,,,,,0,0,0,,,,,,
272,91,1,,,,,0,0,0,,,,,,
273,91,2,,,,,0,0,0,,,,,,
273,91,2,,,,,0,0,0,,,,,,
275,92,1,,,,,0,0,0,,,,,,
275,92,1,,,,,0,0,0,,,,,,
276,92,2,,,,,0,0,0,,,,,,
276,92,2,,,,,0,0,0,,,,,,
278,93,1,,,,,0,0,0,,,,,,
278,93,1,,,,,0,0,0,,,,,,
279,93,2,,,,,0,0,0,,,,,,
279,93,2,,,,,0,0,0,,,,,,
281,94,1,,,,,0,0,0,,,,,,
281,94,1,,,,,0,0,0,,,,,,
282,94,2,,,,,0,0,0,,,,,,
282,94,2,,,,,0,0,0,,,,,,
284,95,1,,,,,0,0,0,,,,,,
284,95,1,,,,,0,0,0,,,,,,
285,95,2,,,,,0,0,0,,,,,,
285,95,2,,,,,0,0,0,,,,,,
287,96,1,,,,,0,0,0,,,,,,
287,96,1,,,,,0,0,0,,,,,,
288,96,2,,,,,0,0,0,,,,,,
288,96,2,,,,,0,0,0,,,,,,
290,97,1,,,,,0,0,0,,,,,,
290,97,1,,,,,0,0,0,,,,,,
291,97,2,,,,,0,0,0,,,,,,
291,97,2,,,,,0,0,0,,,,,,
293,98,1,,,,,0,0,0,,,,,,
293,98,1,,,,,0,0,0,,,,,,
294,98,2,,,,,0,0,0,,,,,,
294,98,2,,,,,0,0,0,,,,,,
296,99,1,,,,,0,0,0,,,,,,
296,99,1,,,,,0,0,0,,,,,,
297,99,2,,,,,0,0,0,,,,,,
297,99,2,,,,,0,0,0,,,,,,
,,,,,※※月計※※,,0,0,0,,,,,,
